\ SCIP STATISTICS
\   Problem name     : model
\   Variables        : 4 (0 binary, 0 integer, 0 implicit integer, 4 continuous)
\   Constraints      : 41
Minimize
 Obj: +3.96305820886188 x0 +43.943689074386 y0 +16.6418254102972 x1 +23.8401467263028 y1
Subject to
 c1: +9.73228680561471 x0 +34.2016400652475 x1 <= +18.1951705721329
 c2: +31.358312606514 x0 +3.50518885930815 x1 <= +38.5130217149966
 c3: +35.5120531408747 x0 +5.8358287462384 x1 <= +11.244809237627
 c4: +1.01314291906693 x0 +4.28060300528468 x1 <= +8.50415571118796
 c5: +18.063408770389 x0 +48.4935011430227 x1 <= +36.522386917418
 c6: +18.5863257032001 x0 +15.6526700557538 x1 <= +35.0730315386566
 c7: +15.371781230974 y0 +21.8340931394148 y1 <= +41.5696641429482
 c8: +20.8112925047404 y0 +26.1923178193515 y1 <= +49.4931486779611
 c9: +23.3874106239663 y0 +11.0478797142603 y1 <= +14.7061112590441
 c10: +45.2562030988154 y0 +36.3692318002399 y1 <= +9.74165380066185
 c11: +23.2625162707445 y0 +5.50482393420619 y1 <= +13.7309972583678
 c12: +14.8730644044373 y0 +36.8647777128222 y1 <= +45.6890839868867
 c13: +18.5718386658096 y0 +22.4124677801391 y1 <= +14.1695416047582
 c14: +19.9470056106202 y0 +46.5387346325355 y1 <= +20.6417909139641
 c15: +49.1557221145075 y0 +35.0693493792848 y1 <= +8.83875798209854
 c16: +31.5067619351295 y0 +35.2251651923341 y1 <= +19.7895077925991
 c17: +44.5542561559428 y0 +27.8836129583952 y1 <= +28.2139930847032
 c18: +32.5842570086171 y0 +17.5478856255872 y1 <= +33.7145177284528
 c19: +36.596901593963 y0 +26.5709670440709 y1 <= +41.4758311044152
 c20: +35.1037112540899 y0 +19.9016781412757 y1 <= +39.2812854009387
 c21: +7.80683662704902 y0 +40.5320950894069 y1 <= +29.9120801917441
 c22: +0.481712434575288 y0 +2.67002209951713 y1 <= +30.5043498659107
 c23: +2.5774064274411 y0 +24.9172612300677 y1 <= +22.014281281575
 c24: +36.8669274956475 y0 +48.8169184052069 y1 <= +45.4706170704595
 c25: +28.3218675209643 y0 +0.592137006990401 y1 <= +0.846944480532785
 c26: +8.66930880438197 y0 +42.9541971193226 y1 <= +22.0877765474502
 c27: +1.75591122688357 y0 +7.94392959916597 y1 <= +0.412146874688268
 c28: +42.1698814950392 y0 +3.23209277375536 y1 <= +15.3217803455904
 c29: +10.6394419985563 y0 +40.8199774765032 y1 <= +17.5144682428515
 c30: +2.17858913624269 y0 +12.0830479345656 y1 <= +0.52820152813135
 c31: +22.7358165113729 y0 +20.1401660913832 y1 <= +37.5014855478796
 c32: +49.5143205383294 y0 +20.2765802426439 y1 <= +25.0292860395724
 c33: +13.3434134218894 y0 +10.474263775415 y1 <= +40.0738440804154
 c34: +27.3274728453438 y0 +35.2771809462929 y1 <= +13.2715940322404
 c35: +14.0122321133607 y0 +3.62751700825571 y1 <= +13.0502752427372
 c36: +49.8053773187256 y0 +0.236590657906571 y1 <= +1.09350318752755
 c37: +15.1223541858325 y0 +49.1925922562588 y1 <= +42.5203502044773
 c38: +43.9460663877378 y0 +26.7644172003792 y1 <= +49.4728118446253
 c39: +44.4185844300752 y0 +24.9650551429022 y1 <= +48.3885856638371
 c40: +18.9202544901794 y0 +30.9607858068784 y1 <= +45.4916752798717
 c41: +3.48260114319301 y0 +21.5717871633412 y1 <= +27.822120786292
Bounds
End
